301.0773;3.0000
301.0850;2.0000
301.0927;2.0000
301.1004;4.0000
301.1082;5.0000
301.1159;5.0000
301.1236;4.0000
301.1313;2.0000
301.1390;3.0000
301.1468;2.0000
301.1622;2.0000
303.1497;2.0000
304.6387;2.0000
305.1748;2.0000
308.0025;2.0000
308.6196;2.0000
308.6274;2.0000
308.8619;3.0000
309.1670;2.0000
310.1142;2.0000
310.9531;2.0000
311.0865;2.0000
311.1806;2.0000
311.9345;2.0000
312.1624;2.0000
312.9332;2.0000
313.0827;3.0000
313.0906;2.0000
313.0985;9.0000
313.1064;14.0000
313.1142;26.0000
313.1221;33.0000
313.1300;18.0000
313.1378;12.0000
313.1457;8.0000
313.1536;7.0000
313.3426;5.0000
313.3505;7.0000
313.3583;9.0000
313.3662;22.0000
313.3741;12.0000
313.3820;16.0000
313.3898;11.0000
313.3977;6.0000
313.4056;3.0000
313.4135;2.0000
313.4213;3.0000
313.4843;2.0000
313.5946;2.0000
313.6104;3.0000
313.6183;10.0000
313.6262;6.0000
313.6340;6.0000
313.6419;2.0000
313.6498;2.0000
313.6577;2.0000
313.8625;2.0000
313.8705;3.0000
313.8862;3.0000
313.8941;3.0000
314.1227;2.0000
316.6431;3.0000
316.9598;2.0000
317.1103;2.0000
317.1341;2.0000
317.3877;2.0000
317.6017;2.0000
317.6255;2.0000
319.0305;2.0000
319.1497;2.0000
320.9644;2.0000
321.1158;2.0000
323.0000;2.0000
325.0983;2.0000
325.1143;2.0000
325.1304;3.0000
325.1625;3.0000
325.6119;2.0000
325.6600;2.0000
326.1982;2.0000
327.1470;2.0000
327.1711;2.0000
327.1792;3.0000
328.1456;3.0000
329.1779;5.0000
329.1941;2.0000
330.2039;2.0000
331.9200;2.0000
331.9848;2.0000
332.0092;5.0000
332.1227;2.0000
333.1288;3.0000
333.1450;6.0000
333.1531;4.0000
333.1613;4.0000
333.1694;2.0000
333.6649;2.0000
333.9250;2.0000
334.0795;2.0000
336.1074;3.0000
336.1155;3.0000
336.1237;5.0000
336.1318;5.0000
336.1400;2.0000
336.1481;2.0000
336.1563;3.0000
336.1644;2.0000
336.1726;2.0000
336.6295;3.0000
336.6622;2.0000
337.1277;2.0000
337.1522;2.0000
340.1650;2.0000
341.1093;2.0000
342.1783;2.0000
344.1728;2.0000
344.8582;2.0000
345.0896;2.0000
345.1061;3.0000
345.1143;5.0000
345.1226;5.0000
345.1309;4.0000
345.1391;6.0000
345.1474;6.0000
345.1557;8.0000
345.1639;4.0000
345.1722;6.0000
345.1805;3.0000
345.1970;3.0000
345.2053;2.0000
345.2218;2.0000
345.2466;2.0000
345.6187;2.0000
345.6270;6.0000
345.6352;0.50000
345.6518;0.3
345.6600;0.2
345.6683;2.0000
345.6766;2.0000
345.7014;2.0000
346.1317;2.0000
346.1400;2.0000
346.1482;2.0000
350.1327;2.0000
355.0280;2.0000
355.1370;2.0000
356.1102;2.0000
356.1354;3.0000
356.1522;2.0000
356.1689;2.0000
360.1092;2.0000
361.1906;2.0000
362.4516;3.0000
362.4600;2.0000
362.4685;2.0000
362.4854;2.0000
362.7904;2.0000
362.8074;2.0000
363.1549;2.0000
364.6316;2.0000
367.1847;2.0000
368.0974;2.0000
368.1316;5.0000
368.1401;4.0000
368.1486;4.0000
368.1572;2.0000
368.1657;3.0000
368.1742;3.0000
368.4389;2.0000
368.4645;3.0000
368.4731;3.0000
368.4816;2.0000
368.4987;3.0000
368.7977;3.0000
371.1595;2.0000
371.1681;2.0000
371.1766;2.0000
371.2024;2.0000
371.2281;2.0000
371.6139;2.0000
372.1115;2.0000
372.1372;2.0000
372.2059;2.0000
373.6063;3.0000
373.6149;2.0000
373.6235;8.0000
373.6321;5.0000
373.6407;7.0000
373.6493;4.0000
373.6579;3.0000
374.0966;2.0000
374.1138;5.0000
374.1224;2.0000
374.1310;3.0000
374.1482;5.0000
374.1654;2.0000
374.1740;2.0000
374.6045;2.0000
375.1385;4.0000
375.1557;3.0000
375.1644;2.0000
375.1730;3.0000
375.1902;3.0000
375.1988;3.0000
375.2592;2.0000
377.1835;2.0000
382.6378;2.0000
386.2054;2.0000
386.4765;2.0000
386.4940;2.0000
386.8090;2.0000
388.1313;2.0000
389.0785;2.0000
390.0005;2.0000
390.2026;2.0000
391.1171;2.0000
391.1435;3.0000
391.1523;3.0000
391.1611;4.0000
391.1699;3.0000
392.1560;2.0000
393.1257;2.0000
393.1433;3.0000
393.1610;2.0000
395.0157;2.0000
395.0334;4.0000
395.0422;2.0000
395.0511;2.0000
395.0776;2.0000
395.0864;2.0000
395.0952;2.0000
395.1041;2.0000
395.1129;2.0000
395.1748;7.0000
395.1837;5.0000
395.1925;5.0000
395.2014;8.0000
395.2102;3.0000
395.2191;2.0000
395.2279;6.0000
395.2368;5.0000
395.6880;4.0000
396.1660;2.0000
400.1430;2.0000
401.1671;2.0000
402.1657;2.0000
402.4959;2.0000
403.1835;2.0000
406.1547;2.0000
406.1816;2.0000
407.1326;2.0000
407.1505;2.0000
409.1639;4.0000
409.1999;2.0000
409.9382;2.0000
409.9922;2.0000
410.0013;3.0000
410.0103;3.0000
410.0193;4.0000
410.0823;2.0000
411.0108;2.0000
411.5431;2.0000
411.8320;2.0000
415.1430;3.0000
415.1521;3.0000
415.1612;11.0000
415.1702;30.0000
415.1793;29.0000
415.1884;38.0000
415.1974;38.0000
415.2065;22.0000
415.2155;25.0000
415.2246;26.0000
415.2337;14.0000
415.2427;16.0000
415.2518;19.0000
415.2609;5.0000
415.2699;4.0000
415.2790;4.0000
415.2881;9.0000
415.3062;2.0000
415.3153;4.0000
415.3334;2.0000
416.1498;2.0000
416.1589;2.0000
416.1680;2.0000
416.1770;2.0000
416.1861;3.0000
416.1952;6.0000
416.2043;10.0000
416.2133;3.0000
416.2224;7.0000
416.2315;4.0000
416.2406;2.0000
416.2497;5.0000
416.4857;2.0000
417.0397;2.0000
417.0760;2.0000
417.1124;4.0000
417.1215;23.0000
417.1306;51.0000
417.1396;91.0000
417.1669;97.0000
417.1760;87.0000
417.1851;58.0000
417.1942;32.0000
417.2032;17.0000
417.2123;14.0000
417.2214;8.0000
417.2396;5.0000
417.2487;2.0000
417.2578;2.0000
417.2669;4.0000
417.4577;20.0000
417.4668;37.0000
417.4759;69.0000
417.4850;91.0000
417.4941;79.0000
417.5032;64.0000
417.5123;47.0000
417.5214;29.0000
417.5305;25.0000
417.5396;17.0000
417.5486;10.0000
417.5577;3.0000
417.5668;3.0000
417.5759;2.0000
417.5941;2.0000
417.6032;2.0000
417.6396;2.0000
417.7850;3.0000
417.7941;4.0000
417.8032;13.0000
417.8123;25.0000
417.8214;31.0000
417.8305;34.0000
417.8396;19.0000
417.8487;13.0000
417.8578;15.0000
417.8669;13.0000
417.8760;4.0000
417.8851;4.0000
417.8942;2.0000
417.9033;2.0000
418.0397;2.0000
418.1307;3.0000
418.1398;8.0000
418.1489;3.0000
418.1580;15.0000
418.1671;8.0000
418.1761;11.0000
418.1943;6.0000
418.2034;2.0000
418.2216;2.0000
418.4582;2.0000
418.4855;4.0000
418.4946;3.0000
418.5037;2.0000
418.5128;3.0000
418.5310;2.0000
421.1564;2.0000
421.8049;2.0000
422.1339;2.0000
422.4630;2.0000
422.4813;3.0000
423.1583;2.0000
424.5046;2.0000
424.8072;3.0000
424.8163;2.0000
424.9081;3.0000
424.9264;2.0000
429.1647;2.0000
429.7824;2.0000
429.8101;2.0000
429.8193;2.0000
430.1514;2.0000
430.1606;2.0000
430.1791;3.0000
430.1976;3.0000
431.1670;4.0000
431.1855;2.0000
431.2871;2.0000
432.1930;4.0000
432.2023;5.0000
432.2115;11.0000
432.2208;6.0000
432.2300;11.0000
432.2393;4.0000
432.2485;6.0000
432.2578;5.0000
432.2670;2.0000
432.2763;4.0000
432.2855;2.0000
433.1740;2.0000
433.2203;3.0000
433.2573;2.0000
433.8131;2.0000
434.2024;2.0000
434.7866;2.0000
434.7959;2.0000
434.8052;3.0000
435.0835;2.0000
435.1021;2.0000
435.1299;2.0000
435.1763;2.0000
436.1699;2.0000
437.1275;4.0000
437.1368;11.0000
437.1461;13.0000
437.1554;30.0000
437.1647;34.0000
437.1740;48.0000
437.1833;53.0000
437.1926;45.0000
437.2019;33.0000
437.2112;18.0000
437.2205;15.0000
437.2298;14.0000
437.2391;10.0000
437.2484;7.0000
437.2577;8.0000
437.2670;3.0000
437.2763;4.0000
437.2856;4.0000
437.2949;2.0000
437.3135;2.0000
438.1140;2.0000
438.1419;2.0000
438.1606;2.0000
438.1699;9.0000
438.1792;4.0000
438.1885;6.0000
438.1978;8.0000
438.2071;10.0000
438.2164;8.0000
438.2257;2.0000
438.2351;2.0000
438.2444;3.0000
438.2723;2.0000
439.2322;2.0000
442.1648;2.0000
447.4474;2.0000
453.1306;2.0000
453.1495;2.0000
453.1684;2.0000
453.1874;2.0000
453.2158;3.0000
456.1946;2.0000
457.1834;2.0000
457.2215;2.0000
461.1874;2.0000
462.0764;2.0000
465.1993;2.0000
469.1900;2.0000
469.2093;2.0000
472.1918;2.0000
472.2112;3.0000
473.7205;2.0000
475.2226;2.0000
478.1949;2.0000
478.7010;2.0000
479.2365;2.0000
479.2560;2.0000
480.2402;2.0000
484.8138;2.0000
487.6685;2.0000
488.8581;2.0000
488.8974;2.0000
505.1732;2.0000
508.1474;2.0000
513.0431;2.0000
515.2120;2.0000
518.3472;2.0000
518.3776;2.0000
522.2033;2.0000
522.2135;4.0000
522.2338;2.0000
522.2440;5.0000
522.2745;2.0000
523.2103;3.0000
523.2205;2.0000
524.1571;2.0000
536.1729;2.0000
537.1210;2.0000
538.1010;2.0000
544.2175;2.0000
545.2143;2.0000
545.9001;2.0000
551.7158;2.0000
561.8565;2.0000
564.0838;2.0000
567.1522;2.0000
570.9728;2.0000
573.3033;2.0000
613.9345;2.0000
621.8859;2.0000
625.1743;6.0000
625.1965;5.0000
625.2076;11.0000
625.2188;8.0000
625.2299;16.0000
625.2410;15.0000
625.2521;14.0000
625.2632;13.0000
625.2744;17.0000
625.2855;11.0000
625.2966;11.0000
625.3077;12.0000
625.3188;10.0000
625.3300;7.0000
625.3411;4.0000
625.3522;3.0000
625.3633;3.0000
625.6971;5.0000
625.7083;9.0000
625.7194;6.0000
625.7305;16.0000
625.7417;13.0000
625.7528;10.0000
625.7639;4.0000
625.7751;16.0000
625.7862;16.0000
625.7974;15.0000
625.8085;8.0000
625.8196;2.0000
625.8307;6.0000
625.8419;6.0000
625.8530;2.0000
625.8641;3.0000
625.8975;2.0000
626.2203;5.0000
626.2314;2.0000
626.2426;8.0000
626.2537;2.0000
626.2648;3.0000
626.2760;5.0000
626.2983;2.0000
626.3094;2.0000
626.3205;2.0000
626.3539;2.0000
626.7660;2.0000
626.7771;2.0000
626.8105;2.0000
636.2017;2.0000
636.2241;5.0000
636.2354;5.0000
636.2466;3.0000
636.2578;6.0000
636.2690;3.0000
636.2802;4.0000
636.2914;2.0000
636.3027;2.0000
636.3139;2.0000
636.4149;2.0000
636.7404;3.0000
636.7516;2.0000
636.7629;2.0000
636.7741;2.0000
636.7853;2.0000
636.8078;3.0000
636.8190;2.0000
636.8302;3.0000
636.8414;2.0000
637.2007;2.0000
637.2232;2.0000
637.2569;3.0000
637.2682;4.0000
639.3026;2.0000
641.0361;2.0000
644.2165;3.0000
644.2504;4.0000
644.2617;2.0000
644.2842;2.0000
644.7134;4.0000
644.7586;2.0000
644.8264;2.0000
645.2219;2.0000
647.2236;2.0000
647.2463;3.0000
647.2576;3.0000
647.3029;2.0000
647.3255;2.0000
647.4614;2.0000
647.7104;2.0000
647.7670;2.0000
647.7897;2.0000
648.2653;2.0000
648.3220;2.0000
648.7639;2.0000
650.8052;3.0000
651.6680;2.0000
651.6794;2.0000
651.6907;2.0000
651.7248;2.0000
651.7475;4.0000
651.7702;2.0000
651.7930;2.0000
652.1792;2.0000
652.1906;2.0000
652.2701;4.0000
652.3156;2.0000
652.7247;2.0000
652.7701;2.0000
655.2845;3.0000
655.7060;2.0000
658.7284;2.0000
659.7565;2.0000
660.0079;2.0000
661.2314;2.0000
662.7424;2.0000
662.9028;2.0000
663.2350;3.0000
663.2579;2.0000
663.6934;2.0000
665.2300;2.0000
666.7111;2.0000
666.7571;2.0000
669.7703;2.0000
674.7072;2.0000
674.7419;2.0000
676.8352;2.0000
681.7168;2.0000
681.7284;2.0000
682.2512;2.0000
684.7170;2.0000
685.2410;2.0000
686.2545;2.0000
687.7355;2.0000
688.0388;2.0000
688.2956;2.0000
688.8677;2.0000
689.2413;2.0000
689.2647;2.0000
689.2764;2.0000
689.2881;3.0000
689.2997;4.0000
689.3115;2.0000
689.3231;2.0000
689.3348;5.0000
689.3465;3.0000
689.3582;4.0000
689.4049;2.0000
689.4633;2.0000
689.4750;2.0000
689.5100;2.0000
690.2696;2.0000
690.2930;2.0000
690.9009;2.0000
691.2985;3.0000
693.2768;2.0000
693.7806;2.0000
693.7923;3.0000
693.8040;3.0000
693.8275;2.0000
693.8392;3.0000
693.8626;2.0000
693.9447;2.0000
693.9564;2.0000
694.2612;2.0000
694.2846;4.0000
694.2963;2.0000
694.3080;6.0000
694.3198;2.0000
694.3315;3.0000
694.3432;3.0000
694.3549;4.0000
694.3666;3.0000
694.3784;2.0000
694.7301;2.0000
694.8005;4.0000
694.8122;2.0000
694.8591;2.0000
694.8708;2.0000
695.3048;2.0000
695.3283;2.0000
695.4926;2.0000
695.8093;2.0000
696.2671;2.0000
696.2906;2.0000
696.7250;2.0000
697.2770;2.0000
697.6530;2.0000
701.7955;2.0000
701.8427;2.0000
702.0666;2.0000
702.0902;2.0000
702.3260;3.0000
702.5854;2.0000
702.8212;2.0000
703.2341;2.0000
703.7651;2.0000
703.8359;2.0000
704.7687;2.0000
704.8514;2.0000
706.2694;2.0000
708.7900;2.0000
708.8611;2.0000
709.2521;2.0000
709.6194;2.0000
710.7101;2.0000
710.7220;4.0000
710.7457;2.0000
711.7186;2.0000
715.1528;2.0000
719.9794;2.0000
720.2062;2.0000
721.2812;2.0000
722.2852;2.0000
722.2972;2.0000
722.7994;2.0000
723.2660;2.0000
727.3397;2.0000
727.7957;2.0000
727.8197;2.0000
729.2607;2.0000
729.3688;2.0000
732.8213;2.0000
732.8815;2.0000
733.2067;2.0000
733.2308;2.0000
735.0872;2.0000
736.2215;2.0000
738.7224;3.0000
739.7747;2.0000
739.9562;2.0000
746.2383;2.0000
746.4572;2.0000
747.2353;2.0000
754.2811;2.0000
754.8432;2.0000
755.3567;2.0000
760.5745;2.0000
763.6450;2.0000
763.7064;2.0000
763.8663;2.0000
763.9155;2.0000
763.9277;2.0000
763.9523;2.0000
764.0753;2.0000
764.0999;4.0000
764.1245;3.0000
764.1368;3.0000
764.1614;3.0000
764.2229;3.0000
764.2598;2.0000
764.2844;2.0000
764.3090;4.0000
764.3336;2.0000
764.3459;4.0000
764.3582;2.0000
764.4197;2.0000
764.4812;2.0000
764.5181;3.0000
764.5550;3.0000
764.6657;2.0000
764.6780;2.0000
764.6903;2.0000
764.7149;3.0000
764.7518;4.0000
764.7764;2.0000
764.9117;2.0000
765.3179;2.0000
765.8841;2.0000
770.2612;2.0000
774.8984;2.0000
777.8115;2.0000
781.1652;2.0000
782.9069;2.0000
783.6913;2.0000
786.9204;4.0000
786.9828;2.0000
787.0952;2.0000
787.1076;2.0000
787.1201;4.0000
787.1326;2.0000
787.1451;2.0000
787.1950;3.0000
787.2823;4.0000
787.2949;3.0000
787.3073;4.0000
787.3198;3.0000
787.3323;3.0000
787.3448;3.0000
787.3573;2.0000
787.3698;2.0000
787.3947;2.0000
787.4821;2.0000
787.4946;2.0000
787.5071;4.0000
787.5196;6.0000
787.5320;3.0000
787.5570;2.0000
787.5820;3.0000
787.6943;2.0000
787.7068;4.0000
787.7568;2.0000
787.7693;2.0000
787.7818;2.0000
787.8192;2.0000
787.9566;2.0000
788.0940;2.0000
788.1315;2.0000
789.3434;3.0000
789.3559;2.0000
789.3809;2.0000
789.4059;2.0000
789.4184;3.0000
789.4434;2.0000
789.4684;2.0000
790.2561;2.0000
790.2936;2.0000
